2211
12
1112
4
232
1
123
5
4
1736
5476
11867
6082
8621
13629
1529
434
4992
2616
7419
1211
9272
658
6542
932
2122
4262
9502
7171
9341
4525
10391
7565
4711
5757
5435
11482
7905
8148
9951
10257
6500
12506
3429
1892
5170
435
12998
12345
6687
6097
1238
12280
11690
6280
4643
5539
3978
271
7106
7475
2216
13388
9817
12558
1573
6610
12548
10056
10908
6471
8825
1491
2474
11992
8388
4256
7938
1237
2363
11209
9537
9330
2841
6231
3661
8553
4434
1316
10851
13232
13431
9548
12914
13042
5074
11342
12883
559
2019
2894
1558
11551
3538
440
2848
9127
12887
12607
