4
90
993
9921
93
12
334
1551
5100
11165
5676
8085
12838
1355
316
4641
2386
6945
1053
8703
529
6112
788
1918
3948
8921
6709
8769
4198
9765
7083
4375
5368
5061
10800
7406
7636
9347
9637
6072
11772
3158
1699
4810
317
12239
11619
6250
5689
1079
11558
10998
5863
4310
5160
3679
161
6647
6997
2007
12609
9220
11822
1396
6177
11812
9447
10256
6045
8279
1319
2252
11284
7864
3943
7437
1077
2146
10542
8954
8758
2600
5817
3378
8020
4111
1152
10201
12461
12650
8965
12159
12281
4719
10667
12130
434
1820
2650
1382
10866
3262
322
2607
