33
221
5
90
875786
177290
612124
1355234
682640
977847
1560095
153189
25953
555898
279565
838100
116284
1053498
51991
736084
83800
222187
470991
1080206
809211
1061557
501555
1183664
854990
523256
644878
607365
1310469
894585
922799
1132455
1168010
731173
1429537
374093
195421
576544
26029
1486754
1410768
752953
684296
119396
1403268
1334686
705609
515302
619430
437986
6979
801633
844565
233100
1532060
1116924
1435641
158291
744015
1434441
1144664
1243749
727894
1001574
148782
263094
1369750
950722
470313
898367
119231
250151
1278786
1084305
1060265
305826
699906
401128
969868
490945
128434
1237080
1514007
1537085
1085587
1476962
1491882
565432
1294179
1473410
40442
210210
311894
156542
1318520
386848
26628
306606
1036660
1473802
