564
234
1231
1221
17613
61133
135505
68190
97735
156008
15201
2467
55505
27849
83749
11508
105306
5073
73539
8257
22107
47008
107979
80858
106113
50067
118334
85439
52239
64411
60656
131025
89402
92226
113209
116767
73047
142941
37310
19428
57572
2475
148668
141063
75227
68356
11819
140312
133448
70489
51442
61864
43705
568
80099
84396
23199
153202
111654
143552
15712
74333
143432
114431
124347
72719
100110
14760
26201
136958
95020
46940
89780
11803
24906
127854
108390
105984
30478
69918
40016
96937
49005
12724
123680
151395
153705
108518
147688
149181
56460
129394
147332
3917
20908
31085
15537
131830
38587
2535
30556
