54
33
25
667
8676
67
15512
53482
118373
59640
85418
136262
13407
2296
48573
24443
73215
10184
92024
4570
64307
7348
19432
41158
94357
70693
92728
43827
103391
74690
45722
56343
53067
114464
78148
80611
98919
102024
63878
124861
32697
17095
50376
2303
129858
123222
65780
59785
10456
122567
116579
61646
45028
54120
38276
640
70031
73780
20385
133814
97563
125394
13853
65000
125289
99985
108638
63592
87490
13022
23004
119640
83050
41099
78478
10442
21874
111697
94715
92615
26736
61148
35058
84722
42901
11245
108055
132237
134253
94827
129002
130305
49405
113041
128692
3562
18386
27266
13700
115167
33811
2355
26804
90554
128727
125888
