54
45764
23234
78767
645
134
986
764
42432
13
123243
213
183247
616234
1356188
686451
980404
1560179
159249
32552
560247
285088
841251
122500
1055734
58480
739668
90153
227953
475701
1082328
812484
1063759
506135
1185347
858068
527744
648849
611495
1311614
897496
925590
1134356
1169760
734778
1430176
379214
201301
580805
32628
1487150
1411487
756465
688100
125598
1404018
1335728
709322
519823
623509
442836
13659
804939
847688
238820
1532264
1118890
1436254
164329
747565
1435059
1146513
1245177
731512
1004031
154860
268687
1370642
953395
475025
901261
125434
255799
1280065
1086410
1062472
311237
703644
406135
972459
495570
134599
1238537
1514287
1537267
1087686
1477399
1492256
569741
1295393
1473863
46980
216027
317279
162587
1319631
391915
33225
312013
