3
4
12
65
7
33
4
109
32
55
3
11
57
478
5799
5456
353
343
1108
3554
7735
3951
5612
8888
972
256
3238
1683
4826
764
6038
403
4252
582
1360
2760
6188
4663
6083
2932
6770
4921
3054
3738
3527
7483
5143
5302
6482
6682
4224
8153
2215
1210
3354
257
8475
8048
4347
3960
782
8006
7620
4080
3009
3595
2574
149
4620
4862
1422
8730
6394
8188
1001
4296
8181
6551
7108
4206
5745
947
1590
7817
5459
2756
5165
781
1518
7305
6211
6076
1831
4048
2367
5567
2872
833
7071
8629
8759
6218
8420
8504
3291
7392
8400
338
1293
1865
991
7529
2287
260
1835
5943
8402
