12
65
44
776
5543
345
28
666
2320
5146
2588
9710
8841
3285
2531
5072
11067
9250
7895
1062
6175
2942
8285
302
10867
11419
10324
9890
3956
3546
7872
11959
2555
2852
671
11467
3407
11330
2751
8829
5024
7752
3756
161
1079
3770
8128
11520
209
9584
811
2150
9174
7721
11030
8861
3131
6940
5987
3022
2716
1556
11145
9405
5808
11510
9486
4804
4002
6120
8743
1902
915
5666
11332
587
5271
6257
8620
4399
11095
5444
8932
5437
5696
10577
1133
9729
7118
8533
4946
3925
5218
2396
5704
1443
2124
2926
1978
8362
1528
11553
1595
5706
1940
3313
5592
